ch0_min=0.015677, ch0_max=1.185500
ch1_min=0.050921, ch1_max=6.011078
ch2_min=-0.506720, ch2_max=1.185500
