ch0_min=0.026231, ch0_max=1.217333
ch1_min=0.391847, ch1_max=6.074248
ch2_min=-0.489984, ch2_max=1.217333
