ch0_min=0.026231, ch0_max=1.217333
ch1_min=0.391847, ch1_max=6.069141
ch2_min=-0.490000, ch2_max=1.217333
