ch0_min=0.020414, ch0_max=1.185500
ch1_min=0.050921, ch1_max=6.019936
ch2_min=-0.505398, ch2_max=1.185500
