ch0_min=0.015677, ch0_max=1.185500
ch1_min=0.142170, ch1_max=6.019936
ch2_min=-0.428816, ch2_max=1.185500
