ch0_min=0.025243, ch0_max=1.217333
ch1_min=0.268112, ch1_max=6.073088
ch2_min=-0.482656, ch2_max=1.217333
