ch0_min=0.025243, ch0_max=1.211333
ch1_min=0.268112, ch1_max=6.074520
ch2_min=-0.489984, ch2_max=1.200500
